p0=transformation([    0.931197,   -0.170192,   -0.322346;
    -0.155714,   -0.985291,   0.0703852;
    -0.329584,  -0.0153488,   -0.944002],...
[  -0.0243159,  -0.0171102,   -0.125938]);


px=transformation([    0.468157,  -0.0630803,   -0.881391;
     0.223797,   -0.956464,    0.187325;
    -0.854836,    -0.28495,   -0.433658],...
[  -0.0455691,  -0.0157203,     -0.1022]);



py=transformation([   -0.308806,    0.879639,   -0.361764;
     0.468096,   -0.190546,   -0.862889;
    -0.827965,   -0.435806,   -0.352914],...
[  -0.0150868,  -0.0669217,   -0.141771]);



pxminus=transformation([   -0.575479,   0.0720127,     0.81464;
    -0.414099,    0.833321,   -0.366193;
    -0.705227,   -0.548078,   -0.449739],...
[   0.0447919,  -0.0289277,   -0.147965]);

pyminus=transformation([    0.406706,   -0.908949,   0.0916579;
    -0.462577,   -0.118377,    0.878641;
     -0.78779,   -0.399748,   -0.468604],...
[ -0.00545277,   0.0422462,   -0.109297]);


pzplus=transformation([    0.477862,   -0.874479,  -0.0832758;
     -0.86887,   -0.456578,   -0.191315;
     0.129279,    0.163778,    -0.97799],...
[ -0.00685475,  -0.0177845,  -0.0710885]);

plot3(p0(1,4),p0(2,4),p0(3,4),'ko')
hold on;
plot3(px(1,4),px(2,4),px(3,4),'rx')
plot3(py(1,4),py(2,4),py(3,4),'gx')
plot3(pxminus(1,4),pxminus(2,4),pxminus(3,4),'r.')
plot3(pyminus(1,4),pyminus(2,4),pyminus(3,4),'g.')
plot3(pzplus(1,4),pzplus(2,4),pzplus(3,4),'r*')
xlabel('x');ylabel('y');zlabel('z');

addpath(genpath('/home/arma/Dev/ACL.git'))
draw_coordinate_system(.01,p0(1:3,1:3),p0(1:3,4),'rgb')
draw_coordinate_system(.01,px(1:3,1:3),px(1:3,4),'rgb')
draw_coordinate_system(.01,py(1:3,1:3),py(1:3,4),'rgb')
draw_coordinate_system(.01,pxminus(1:3,1:3),pxminus(1:3,4),'rgb')
draw_coordinate_system(.01,pyminus(1:3,1:3),pyminus(1:3,4),'rgb')
draw_coordinate_system(.01,pzplus(1:3,1:3),pzplus(1:3,4),'rgb')

